HMM          A        C        D        E        F        G        H        I        K        L        M        N        P        Q        R        S        T        V        W        Y   
            m->m     m->i     m->d     i->m     i->i     d->m     d->d
  COMPO   2.33169  4.63778  3.01417  2.68159  3.14694  3.00741  3.40678  2.88415  2.55975  2.37794  3.61280  3.17997  3.45135  3.09176  3.14677  2.66932  2.87108  2.58402  4.57100  3.74245
          2.68606  4.42256  2.77503  2.73155  3.46385  2.40479  3.72526  3.29306  2.67772  2.69386  4.24721  2.90378  2.73725  3.18178  2.89832  2.37886  2.77503  2.98392  4.58508  3.61535
          0.53692  1.15108  2.31101  1.29343  0.32066  0.00000        *
      1   2.15708  4.59554  3.31318  2.78189  3.87086  2.65003  2.94258  3.25232  2.76551  2.92728  3.78608  3.23278  2.73061  3.09746  3.17679  2.78253  2.92045  2.10101  5.24148  3.96760     10 - -
          2.68618  4.42225  2.77519  2.73123  3.46354  2.40513  3.72494  3.29354  2.67741  2.69355  4.24690  2.90347  2.73739  3.18146  2.89801  2.37887  2.77519  2.98518  4.58477  3.61503
          0.01777  4.43519  5.15753  0.61958  0.77255  0.40038  1.10886
      2   3.99685  5.28851  5.25521  4.94239  3.53899  4.82135  5.40610  2.81251  4.71525  0.34941  3.43069  5.16429  5.17169  4.91078  4.76442  4.54967  4.27436  3.01190  5.60372  4.46632     11 - -
          2.68618  4.42225  2.77519  2.73123  3.46354  2.40513  3.72494  3.29354  2.67741  2.69355  4.24690  2.90347  2.73739  3.18146  2.89801  2.37887  2.77519  2.98518  4.58477  3.61503
          0.01608  4.53384  5.25619  0.61958  0.77255  0.48576  0.95510
      3   2.53892  4.48152  3.90254  3.62530  4.73228  3.25830  4.65759  4.13751  3.64762  3.84840  4.67303  3.70465  4.03251  3.93929  3.93275  0.85632  1.66814  3.54655  6.07463  4.87383     12 - -
          2.68618  4.42225  2.77519  2.73123  3.46354  2.40513  3.72494  3.29354  2.67741  2.69355  4.24690  2.90347  2.73739  3.18146  2.89801  2.37887  2.77519  2.98518  4.58477  3.61503
          0.01608  4.53384  5.25619  0.61958  0.77255  0.48576  0.95510
      4   1.57113  5.07375  2.90875  1.73410  4.54916  3.47958  3.92357  3.98011  2.75479  3.55933  4.36714  3.09962  2.37721  3.07335  3.22755  2.83525  3.11329  3.58141  5.76438  4.39951     13 - -
          2.68618  4.42225  2.77519  2.73123  3.46354  2.40513  3.72494  3.29354  2.67741  2.69355  4.24690  2.90347  2.73739  3.18146  2.89801  2.37887  2.77519  2.98518  4.58477  3.61503
          0.01608  4.53384  5.25619  0.61958  0.77255  0.48576  0.95510
      5   1.70750  5.25279  2.30071  2.12065  4.61850  2.63126  3.81092  4.09158  2.62628  3.60796  4.38301  2.99142  3.95884  2.93520  3.13364  2.22773  3.08533  3.67435  5.77338  4.36407     14 - -
          2.68618  4.42225  2.77519  2.73123  3.46354  2.40513  3.72494  3.29354  2.67741  2.69355  4.24690  2.90347  2.73739  3.18146  2.89801  2.37887  2.77519  2.98518  4.58477  3.61503
          0.01608  4.53384  5.25619  0.61958  0.77255  0.48576  0.95510
      6   3.09129  5.68339  2.10865  1.38969  4.98802  3.50547  3.93747  4.50507  2.84275  3.97136  4.77231  2.95680  4.06437  1.55794  3.39346  2.99214  3.35572  4.06070  6.10922  4.62733     15 - -
          2.68618  4.42225  2.77519  2.73123  3.46354  2.40513  3.72494  3.29354  2.67741  2.69355  4.24690  2.90347  2.73739  3.18146  2.89801  2.37887  2.77519  2.98518  4.58477  3.61503
          0.01608  4.53384  5.25619  0.61958  0.77255  0.48576  0.95510
      7   2.26980  4.75653  3.34132  2.76072  3.95402  3.63981  3.82258  2.66345  1.75269  2.98690  3.84377  3.23425  4.02089  3.02437  2.42260  2.87040  2.99668  3.06607  3.19094  4.00155     16 - -
          2.68618  4.42225  2.77519  2.73123  3.46354  2.40513  3.72494  3.29354  2.67741  2.69355  4.24690  2.90347  2.73739  3.18146  2.89801  2.37887  2.77519  2.98518  4.58477  3.61503
          0.01608  4.53384  5.25619  0.61958  0.77255  0.48576  0.95510
      8   2.14941  4.85099  3.18821  2.68938  4.35959  3.45867  3.89265  3.78541  2.68906  3.38053  4.18317  3.16557  3.95358  2.00967  3.13329  1.97447  2.01798  3.39515  5.60134  4.27456     17 - -
          2.68618  4.42225  2.77519  2.73123  3.46354  2.40513  3.72494  3.29354  2.67741  2.69355  4.24690  2.90347  2.73739  3.18146  2.89801  2.37887  2.77519  2.98518  4.58477  3.61503
          0.01608  4.53384  5.25619  0.61958  0.77255  0.48576  0.95510
      9   2.36701  4.59622  3.38132  2.82151  3.77160  3.62880  3.86882  3.12802  2.28236  2.01734  3.69844  2.74105  4.01769  3.11639  3.17825  2.86150  2.46309  2.38839  5.16426  3.89992     18 - -
          2.68618  4.42225  2.77519  2.73123  3.46354  2.40513  3.72494  3.29354  2.67741  2.69355  4.24690  2.90347  2.73739  3.18146  2.89801  2.37887  2.77519  2.98518  4.58477  3.61503
          0.01608  4.53384  5.25619  0.61958  0.77255  0.48576  0.95510
     10   3.47787  4.69646  5.49424  5.03607  4.03867  5.03693  5.78728  1.25173  4.96414  2.47195  3.78326  5.20068  5.28866  5.22725  5.13817  4.47318  3.74469  0.78589  6.13955  4.91634     19 - -
          2.68618  4.42225  2.77519  2.73123  3.46354  2.40513  3.72494  3.29354  2.67741  2.69355  4.24690  2.90347  2.73739  3.18146  2.89801  2.37887  2.77519  2.98518  4.58477  3.61503
          0.01608  4.53384  5.25619  0.61958  0.77255  0.48576  0.95510
     11   2.32510  5.09295  3.11328  2.54138  4.39144  3.56319  3.72475  3.82241  1.85998  2.67267  4.15382  3.06313  3.94986  2.40097  2.31338  2.77295  2.55997  3.45955  5.54329  4.19939     20 - -
          2.68618  4.42225  2.77519  2.73123  3.46354  2.40513  3.72494  3.29354  2.67741  2.69355  4.24690  2.90347  2.73739  3.18146  2.89801  2.37887  2.77519  2.98518  4.58477  3.61503
          0.01608  4.53384  5.25619  0.61958  0.77255  0.48576  0.95510
     12   1.37355  4.71219  3.33219  2.90770  4.31957  3.42573  2.67507  3.77114  2.92662  3.40335  4.23146  3.31651  4.00232  3.27243  3.33245  1.71126  3.02771  3.37193  5.62933  4.32664     21 - -
          2.68618  4.42225  2.77519  2.73123  3.46354  2.40513  3.72494  3.29354  2.67741  2.69355  4.24690  2.90347  2.73739  3.18146  2.89801  2.37887  2.77519  2.98518  4.58477  3.61503
          0.01608  4.53384  5.25619  0.61958  0.77255  0.48576  0.95510
     13   1.88653  4.41589  3.72171  3.17533  3.69570  3.60558  4.08059  2.97904  3.12342  2.32661  3.65646  3.51970  4.07878  3.42040  3.46003  1.94039  2.34855  2.22835  5.14782  3.92142     22 - -
          2.68618  4.42225  2.77519  2.73123  3.46354  2.40513  3.72494  3.29354  2.67741  2.69355  4.24690  2.90347  2.73739  3.18146  2.89801  2.37887  2.77519  2.98518  4.58477  3.61503
          0.01608  4.53384  5.25619  0.61958  0.77255  0.48576  0.95510
     14   4.24199  5.37033  5.25366  5.03637  1.74145  4.87151  3.88569  3.81372  4.80802  3.02623  4.36932  4.60368  5.18666  4.69534  4.74174  4.32825  4.46948  3.79631  0.71488  2.25781     23 - -
          2.68618  4.42225  2.77519  2.73123  3.46354  2.40513  3.72494  3.29354  2.67741  2.69355  4.24690  2.90347  2.73739  3.18146  2.89801  2.37887  2.77519  2.98518  4.58477  3.61503
          0.01608  4.53384  5.25619  0.61958  0.77255  0.48576  0.95510
     15   1.94984  5.31232  2.32889  2.01265  4.63942  2.39838  3.76197  4.12163  2.14138  3.61386  4.37500  2.96289  3.94046  2.87553  3.05537  2.77482  3.06230  3.69663  5.76014  4.34099     24 - -
          2.68618  4.42225  2.77519  2.73123  3.46354  2.40513  3.72494  3.29354  2.67741  2.69355  4.24690  2.90347  2.73739  3.18146  2.89801  2.37887  2.77519  2.98518  4.58477  3.61503
          0.01608  4.53384  5.25619  0.61958  0.77255  0.48576  0.95510
     16   2.87697  5.39663  2.24238  1.98827  4.72798  3.50343  3.78818  4.21646  1.50554  3.69286  4.45661  2.96611  2.70895  2.90330  3.06818  2.81909  3.11889  3.78295  5.82648  4.40052     25 - -
          2.68618  4.42225  2.77519  2.73123  3.46354  2.40513  3.72494  3.29354  2.67741  2.69355  4.24690  2.90347  2.73739  3.18146  2.89801  2.37887  2.77519  2.98518  4.58477  3.61503
          0.01608  4.53384  5.25619  0.61958  0.77255  0.48576  0.95510
     17   3.32861  4.60178  5.24912  4.71665  2.42277  4.71375  5.14508  1.67081  4.59601  2.22844  3.50735  4.83335  4.98044  4.75410  4.69291  4.08069  3.57380  0.90284  5.51821  4.29671     26 - -
          2.68618  4.42225  2.77519  2.73123  3.46354  2.40513  3.72494  3.29354  2.67741  2.69355  4.24690  2.90347  2.73739  3.18146  2.89801  2.37887  2.77519  2.98518  4.58477  3.61503
          0.09971  4.53384  2.47499  0.61958  0.77255  0.48576  0.95510
     18   2.28992  5.10316  2.94250  2.10178  4.40260  2.86146  3.68810  3.85730  2.13077  3.38877  4.16086  2.40971  3.88435  2.80488  2.92710  2.69532  2.94448  3.47024  5.56436  2.91049     27 - -
          2.68618  4.42225  2.77519  2.73123  3.46354  2.40513  3.72494  3.29354  2.67741  2.69355  4.24690  2.90347  2.73739  3.18146  2.89801  2.37887  2.77519  2.98518  4.58477  3.61503
          0.01747  4.45160  5.17395  0.61958  0.77255  0.61651  0.77615
     19   1.16026  4.39421  3.86766  3.57749  4.73840  1.63024  4.61718  4.18458  3.64309  3.85331  4.64558  3.63772  3.94666  3.89188  3.94320  1.81896  2.95819  3.53322  6.06389  4.88004     28 - -
          2.68584  4.42230  2.77482  2.73128  3.46359  2.40518  3.72500  3.29359  2.67746  2.69360  4.24695  2.90352  2.73745  3.18151  2.89806  2.37892  2.77525  2.98523  4.58482  3.61508
          0.26108  2.10277  2.22877  0.66651  0.72051  0.41191  1.08584
     20   2.83128  5.28401  2.20416  2.38270  4.59566  3.45953  2.86325  4.07873  2.58861  3.59023  4.37020  1.70143  3.93364  2.89755  3.09547  2.78713  2.33725  3.66942  5.74898  4.33111     31 - -
          2.68618  4.42225  2.77519  2.73123  3.46354  2.40513  3.72494  3.29354  2.67741  2.69355  4.24690  2.90347  2.73739  3.18146  2.89801  2.37887  2.77519  2.98518  4.58477  3.61503
          0.01777  4.43519  5.15753  0.61958  0.77255  0.63952  0.74982
     21   2.31400  4.19495  4.07412  3.49814  3.31460  2.74938  4.09838  2.10777  3.39152  2.38756  3.31907  3.73684  4.15667  3.62935  3.60190  3.06459  2.92991  1.80469  4.82732  2.62032     32 - -
          2.68618  4.42225  2.77519  2.73123  3.46354  2.40513  3.72494  3.29354  2.67741  2.69355  4.24690  2.90347  2.73739  3.18146  2.89801  2.37887  2.77519  2.98518  4.58477  3.61503
          0.01777  4.43519  5.15753  0.61958  0.77255  0.63952  0.74982
     22   1.92215  5.24220  2.32725  1.96277  4.58159  2.74347  3.75550  4.05646  2.56525  3.56713  4.33962  2.94016  2.69615  2.87704  3.07360  2.75591  3.04371  3.64101  5.72875  4.31548     33 - -
          2.68618  4.42225  2.77519  2.73123  3.46354  2.40513  3.72494  3.29354  2.67741  2.69355  4.24690  2.90347  2.73739  3.18146  2.89801  2.37887  2.77519  2.98518  4.58477  3.61503
          0.01777  4.43519  5.15753  0.61958  0.77255  0.63952  0.74982
     23   2.78453  5.18190  2.85970  1.88784  4.52080  2.17800  3.73956  3.97648  2.04792  3.49673  4.27633  2.97905  3.92318  2.86163  2.95264  2.75936  2.34889  3.57887  5.66003  4.27665     34 - -
          2.68618  4.42225  2.77519  2.73123  3.46354  2.40513  3.72494  3.29354  2.67741  2.69355  4.24690  2.90347  2.73739  3.18146  2.89801  2.37887  2.77519  2.98518  4.58477  3.61503
          0.01777  4.43519  5.15753  0.61958  0.77255  0.40038  1.10886
     24   2.72616  4.81727  2.59579  2.62625  3.99306  3.56816  2.35640  3.43031  2.63097  3.06483  3.90214  3.13129  3.96483  2.97168  3.07924  2.29867  2.95966  2.25255  5.31905  3.10678     35 - -
          2.68618  4.42225  2.77519  2.73123  3.46354  2.40513  3.72494  3.29354  2.67741  2.69355  4.24690  2.90347  2.73739  3.18146  2.89801  2.37887  2.77519  2.98518  4.58477  3.61503
          0.01608  4.53384  5.25619  0.61958  0.77255  0.48576  0.95510
     25   2.56767  4.53409  3.70741  3.43510  4.74679  0.97857  4.55747  4.18102  3.53129  3.84420  4.65349  3.61451  2.46267  3.81130  3.86173  2.73675  2.06031  3.58926  6.05855  4.84768     36 - -
          2.68618  4.42225  2.77519  2.73123  3.46354  2.40513  3.72494  3.29354  2.67741  2.69355  4.24690  2.90347  2.73739  3.18146  2.89801  2.37887  2.77519  2.98518  4.58477  3.61503
          0.01608  4.53384  5.25619  0.61958  0.77255  0.48576  0.95510
     26   2.39769  4.96016  3.09712  2.54672  4.21560  2.89630  2.79589  3.63619  2.16362  3.22554  4.03273  3.06743  3.93650  2.42123  2.96440  2.75347  2.96024  2.24246  5.45376  4.11536     37 - -
          2.68618  4.42225  2.77519  2.73123  3.46354  2.40513  3.72494  3.29354  2.67741  2.69355  4.24690  2.90347  2.73739  3.18146  2.89801  2.37887  2.77519  2.98518  4.58477  3.61503
          0.01608  4.53384  5.25619  0.61958  0.77255  0.48576  0.95510
     27   2.94132  5.48165  1.54031  1.81455  4.80518  2.61462  3.83969  4.30294  2.67264  3.77958  4.55349  2.95855  3.99686  2.96301  2.38303  2.87142  3.19175  3.86588  5.91822  4.47251     38 - -
          2.68618  4.42225  2.77519  2.73123  3.46354  2.40513  3.72494  3.29354  2.67741  2.69355  4.24690  2.90347  2.73739  3.18146  2.89801  2.37887  2.77519  2.98518  4.58477  3.61503
          0.01608  4.53384  5.25619  0.61958  0.77255  0.48576  0.95510
     28   2.06185  2.82753  4.62730  4.04361  2.47158  4.00002  4.38413  1.47702  3.88023  2.32750  3.33692  4.12176  4.37330  4.05306  3.96719  3.31994  3.07850  2.20054  4.92935  3.74061     39 - -
          2.68618  4.42225  2.77519  2.73123  3.46354  2.40513  3.72494  3.29354  2.67741  2.69355  4.24690  2.90347  2.73739  3.18146  2.89801  2.37887  2.77519  2.98518  4.58477  3.61503
          0.01608  4.53384  5.25619  0.61958  0.77255  0.48576  0.95510
     29   3.90732  5.14084  5.55146  5.05295  2.12419  5.12524  5.05945  2.60173  4.89740  0.56903  3.11871  5.17298  5.22085  4.81220  4.87954  4.53525  4.11703  2.85836  5.12296  3.77592     40 - -
          2.68618  4.42225  2.77519  2.73123  3.46354  2.40513  3.72494  3.29354  2.67741  2.69355  4.24690  2.90347  2.73739  3.18146  2.89801  2.37887  2.77519  2.98518  4.58477  3.61503
          0.01608  4.53384  5.25619  0.61958  0.77255  0.48576  0.95510
     30   2.72530  4.28926  3.90051  2.74112  3.40580  2.94648  4.06329  1.68971  3.25416  2.48164  3.40199  3.64568  4.15222  3.52088  3.52048  3.04925  2.95870  2.07891  4.89947  2.80936     41 - -
          2.68618  4.42225  2.77519  2.73123  3.46354  2.40513  3.72494  3.29354  2.67741  2.69355  4.24690  2.90347  2.73739  3.18146  2.89801  2.37887  2.77519  2.98518  4.58477  3.61503
          0.01608  4.53384  5.25619  0.61958  0.77255  0.48576  0.95510
     31   2.38069  5.14763  3.40463  2.77669  4.47407  3.72414  3.79371  3.85262  1.63346  2.49398  4.22488  3.24767  4.09597  2.93142  1.68076  2.98355  3.17024  3.52959  5.55615  4.29330     42 - -
          2.68618  4.42225  2.77519  2.73123  3.46354  2.40513  3.72494  3.29354  2.67741  2.69355  4.24690  2.90347  2.73739  3.18146  2.89801  2.37887  2.77519  2.98518  4.58477  3.61503
          0.01608  4.53384  5.25619  0.61958  0.77255  0.48576  0.95510
     32   3.32470  4.63972  5.17910  4.58931  1.85677  4.57367  4.87456  2.41860  4.42782  1.31698  2.45164  4.69370  4.80893  4.47591  4.45121  3.90918  3.54659  1.62207  5.18576  4.07292     43 - -
          2.68618  4.42225  2.77519  2.73123  3.46354  2.40513  3.72494  3.29354  2.67741  2.69355  4.24690  2.90347  2.73739  3.18146  2.89801  2.37887  2.77519  2.98518  4.58477  3.61503
          0.01608  4.53384  5.25619  0.61958  0.77255  0.48576  0.95510
     33   3.86380  5.10417  5.43094  4.97345  1.16884  4.99611  4.70641  2.70614  4.80691  1.01316  3.24917  4.97767  5.15684  4.73980  4.79114  4.39586  4.07959  2.91245  4.80928  3.30122     44 - -
          2.68618  4.42225  2.77519  2.73123  3.46354  2.40513  3.72494  3.29354  2.67741  2.69355  4.24690  2.90347  2.73739  3.18146  2.89801  2.37887  2.77519  2.98518  4.58477  3.61503
          0.01608  4.53384  5.25619  0.61958  0.77255  0.48576  0.95510
     34   2.71849  4.96776  3.08359  2.15195  4.22600  3.53382  3.73447  3.64617  1.93676  2.74135  4.03765  3.05376  3.92628  2.87383  2.97187  2.32465  2.41181  2.77540  5.46069  4.11601     45 - -
          2.68618  4.42225  2.77519  2.73123  3.46354  2.40513  3.72494  3.29354  2.67741  2.69355  4.24690  2.90347  2.73739  3.18146  2.89801  2.37887  2.77519  2.98518  4.58477  3.61503
          0.01608  4.53384  5.25619  0.61958  0.77255  0.48576  0.95510
     35   1.84212  4.38723  3.91791  3.38310  3.69919  3.65711  4.21907  2.17681  3.31889  2.72137  3.65849  3.67024  4.15302  3.60190  3.61979  1.67828  3.01170  2.17706  5.19140  3.97621     46 - -
          2.68618  4.42225  2.77519  2.73123  3.46354  2.40513  3.72494  3.29354  2.67741  2.69355  4.24690  2.90347  2.73739  3.18146  2.89801  2.37887  2.77519  2.98518  4.58477  3.61503
          0.01608  4.53384  5.25619  0.61958  0.77255  0.48576  0.95510
     36   2.26571  4.76683  2.63226  2.65364  3.09804  3.57678  2.41197  3.36399  2.64445  3.00821  3.85091  3.15171  3.96656  2.98403  3.08694  2.79279  2.39942  3.07871  5.27984  3.09394     47 - -
          2.68618  4.42225  2.77519  2.73123  3.46354  2.40513  3.72494  3.29354  2.67741  2.69355  4.24690  2.90347  2.73739  3.18146  2.89801  2.37887  2.77519  2.98518  4.58477  3.61503
          0.01608  4.53384  5.25619  0.61958  0.77255  0.48576  0.95510
     37   3.85691  5.44887  4.53507  4.49537  5.36277  4.10226  5.46857  5.14418  4.62174  4.66465  5.77118  4.71868  0.18708  4.98335  4.74659  4.05429  4.35268  4.70031  6.30891  5.50560     48 - -
          2.68618  4.42225  2.77519  2.73123  3.46354  2.40513  3.72494  3.29354  2.67741  2.69355  4.24690  2.90347  2.73739  3.18146  2.89801  2.37887  2.77519  2.98518  4.58477  3.61503
          0.01608  4.53384  5.25619  0.61958  0.77255  0.48576  0.95510
     38   1.96334  4.94187  3.08701  2.19453  4.19483  3.53286  3.74202  3.61657  2.53198  3.21011  4.01713  3.06057  3.92785  2.41849  2.99578  2.35122  2.55529  3.28390  3.50148  4.10264     49 - -
          2.68618  4.42225  2.77519  2.73123  3.46354  2.40513  3.72494  3.29354  2.67741  2.69355  4.24690  2.90347  2.73739  3.18146  2.89801  2.37887  2.77519  2.98518  4.58477  3.61503
          0.01608  4.53384  5.25619  0.61958  0.77255  0.48576  0.95510
     39   1.84455  4.33503  4.04587  3.48263  3.49319  3.82336  4.20383  2.17238  3.39326  2.48029  2.59788  3.76550  4.22897  3.65802  3.65120  3.11872  1.85740  2.41268  5.02639  3.82421     50 - -
          2.68618  4.42225  2.77519  2.73123  3.46354  2.40513  3.72494  3.29354  2.67741  2.69355  4.24690  2.90347  2.73739  3.18146  2.89801  2.37887  2.77519  2.98518  4.58477  3.61503
          0.01608  4.53384  5.25619  0.61958  0.77255  0.48576  0.95510
     40   2.31122  4.87531  3.19887  2.63298  4.10019  3.58651  3.77609  3.49559  1.93598  2.53904  2.96026  3.13623  3.97316  2.12262  2.95797  2.80302  2.97758  3.19653  5.37972  4.07108     51 - -
          2.68618  4.42225  2.77519  2.73123  3.46354  2.40513  3.72494  3.29354  2.67741  2.69355  4.24690  2.90347  2.73739  3.18146  2.89801  2.37887  2.77519  2.98518  4.58477  3.61503
          0.01608  4.53384  5.25619  0.61958  0.77255  0.48576  0.95510
     41   2.03110  5.22038  2.36645  1.81558  4.54746  3.49285  3.71793  4.02039  2.47804  3.52113  4.27774  2.96956  3.91032  2.82670  2.54328  2.72396  2.56682  3.60332  5.67125  4.26766     52 - -
          2.68618  4.42225  2.77519  2.73123  3.46354  2.40513  3.72494  3.29354  2.67741  2.69355  4.24690  2.90347  2.73739  3.18146  2.89801  2.37887  2.77519  2.98518  4.58477  3.61503
          0.01608  4.53384  5.25619  0.61958  0.77255  0.48576  0.95510
     42   2.77014  4.29557  4.04398  3.46705  2.16324  3.83585  4.07504  2.71394  2.19389  2.01400  3.37668  3.73534  4.20302  3.61049  3.58840  3.11323  3.00130  2.11983  4.79706  2.81172     53 - -
          2.68618  4.42225  2.77519  2.73123  3.46354  2.40513  3.72494  3.29354  2.67741  2.69355  4.24690  2.90347  2.73739  3.18146  2.89801  2.37887  2.77519  2.98518  4.58477  3.61503
          0.01608  4.53384  5.25619  0.61958  0.77255  0.48576  0.95510
     43   4.23702  5.45072  5.16975  5.04568  0.34652  4.67790  4.35768  3.74130  4.95343  2.97119  4.38955  4.84101  5.14972  4.94669  4.90754  4.44006  4.55228  3.77299  4.48634  2.80234     54 - -
          2.68618  4.42225  2.77519  2.73123  3.46354  2.40513  3.72494  3.29354  2.67741  2.69355  4.24690  2.90347  2.73739  3.18146  2.89801  2.37887  2.77519  2.98518  4.58477  3.61503
          0.01608  4.53384  5.25619  0.61958  0.77255  0.48576  0.95510
     44   2.77869  5.23545  2.36602  2.13924  4.57635  2.68684  3.74657  4.05184  2.52607  3.55494  4.31552  2.97315  2.40406  2.85940  3.02606  2.24772  2.48439  3.63194  5.70825  4.30039     55 - -
          2.68618  4.42225  2.77519  2.73123  3.46354  2.40513  3.72494  3.29354  2.67741  2.69355  4.24690  2.90347  2.73739  3.18146  2.89801  2.37887  2.77519  2.98518  4.58477  3.61503
          0.26121  4.53384  1.51805  0.61958  0.77255  0.48576  0.95510
     45   2.80723  5.18197  3.10284  2.51802  4.54723  3.54619  2.81906  3.97732  1.83128  3.45261  4.23607  3.02757  3.92760  2.26060  2.11432  2.33894  3.01854  3.58849  5.56270  4.24063     56 - -
          2.68618  4.42225  2.77519  2.73123  3.46354  2.40513  3.72494  3.29354  2.67741  2.69355  4.24690  2.90347  2.73739  3.18146  2.89801  2.37887  2.77519  2.98518  4.58477  3.61503
          0.02051  4.29314  5.01549  0.61958  0.77255  0.32730  1.27607
     46   4.23702  5.45072  5.16975  5.04568  0.34652  4.67790  4.35768  3.74130  4.95343  2.97119  4.38955  4.84101  5.14972  4.94669  4.90754  4.44006  4.55228  3.77299  4.48634  2.80234     57 - -
          2.68618  4.42225  2.77519  2.73123  3.46354  2.40513  3.72494  3.29354  2.67741  2.69355  4.24690  2.90347  2.73739  3.18146  2.89801  2.37887  2.77519  2.98518  4.58477  3.61503
          0.09757  4.53384  2.49838  0.61958  0.77255  0.48576  0.95510
     47   2.27706  4.85478  3.13058  2.59071  4.15386  2.82412  3.76723  3.56310  1.84730  2.48056  3.99210  3.09319  3.92735  2.92468  2.98795  2.27956  2.94277  3.23479  5.41783  4.09624     58 - -
          2.68618  4.42225  2.77519  2.73123  3.46354  2.40513  3.72494  3.29354  2.67741  2.69355  4.24690  2.90347  2.73739  3.18146  2.89801  2.37887  2.77519  2.98518  4.58477  3.61503
          0.01744  4.45371  5.17606  0.61958  0.77255  0.41346  1.08282
     48   2.89571  5.38326  2.02369  2.41704  4.70336  1.80788  2.73446  4.18918  2.10527  3.68215  4.45752  2.97666  3.98204  2.93463  3.11160  2.84183  3.14138  3.76885  5.82770  4.40534     59 - -
          2.68618  4.42225  2.77519  2.73123  3.46354  2.40513  3.72494  3.29354  2.67741  2.69355  4.24690  2.90347  2.73739  3.18146  2.89801  2.37887  2.77519  2.98518  4.58477  3.61503
          0.39130  4.53384  1.16128  0.61958  0.77255  0.48576  0.95510
     49   3.50183  4.88285  4.66002  4.31120  3.27501  4.35153  4.87621  2.50452  4.07663  0.58282  3.22386  4.55862  4.74273  4.37324  4.20052  3.97248  3.78614  2.61617  5.24999  4.03774     60 - -
          2.68618  4.42225  2.77519  2.73123  3.46354  2.40513  3.72494  3.29354  2.67741  2.69355  4.24690  2.90347  2.73739  3.18146  2.89801  2.37887  2.77519  2.98518  4.58477  3.61503
          0.02332  4.16586  4.88821  0.61958  0.77255  0.45511  1.00616
     50   2.68247  4.92035  3.07761  2.58493  4.41140  2.50707  3.80560  3.84949  1.81704  3.41102  4.20131  3.07995  3.91281  2.94256  2.99294  2.00351  2.28472  3.44624  5.60089  4.25956     61 - -
          2.68618  4.42225  2.77519  2.73123  3.46354  2.40513  3.72494  3.29354  2.67741  2.69355  4.24690  2.90347  2.73739  3.18146  2.89801  2.37887  2.77519  2.98518  4.58477  3.61503
          0.10924  4.42655  2.39108  0.61958  0.77255  0.65127  0.73686
     51   2.79922  4.93336  2.07518  2.61729  4.51203  3.37475  4.03703  3.87316  2.97415  3.56002  4.42742  3.11251  3.98781  3.22997  3.44528  2.84851  1.13751  3.48878  5.79988  4.44902     62 - -
          2.68618  4.42225  2.77519  2.73123  3.46354  2.40513  3.72494  3.29354  2.67741  2.69355  4.24690  2.90347  2.73739  3.18146  2.89801  2.37887  2.77519  2.98518  4.58477  3.61503
          0.01962  4.33693  5.05927  0.61958  0.77255  0.76053  0.63002
     52   2.17206  4.80572  3.05310  2.14594  4.07886  3.46912  3.73154  3.48476  2.54796  2.51688  3.92860  3.04504  2.98284  2.89454  3.00165  2.21027  2.90197  3.16507  5.36233  4.03802     63 - -
          2.68618  4.42225  2.77519  2.73123  3.46354  2.40513  3.72494  3.29354  2.67741  2.69355  4.24690  2.90347  2.73739  3.18146  2.89801  2.37887  2.77519  2.98518  4.58477  3.61503
          0.01962  4.33693  5.05927  0.61958  0.77255  0.50391  0.92676
     53   1.83338  5.54417  1.66861  1.56478  4.87009  3.45556  3.90099  4.36413  2.82288  3.86458  4.66984  2.92548  4.01444  3.04419  3.38134  2.93134  3.28462  3.93398  6.02453  4.55539     64 - -
          2.68618  4.42225  2.77519  2.73123  3.46354  2.40513  3.72494  3.29354  2.67741  2.69355  4.24690  2.90347  2.73739  3.18146  2.89801  2.37887  2.77519  2.98518  4.58477  3.61503
          0.01744  4.45371  5.17606  0.61958  0.77255  0.61348  0.77972
     54   2.35441  4.95993  3.02091  2.14567  4.24159  3.49643  3.72840  3.66524  2.51352  3.25055  4.05248  3.02704  3.90635  2.32964  2.97951  2.00180  2.94202  2.57828  5.47314  4.12388     65 - -
          2.68618  4.42225  2.77519  2.73123  3.46354  2.40513  3.72494  3.29354  2.67741  2.69355  4.24690  2.90347  2.73739  3.18146  2.89801  2.37887  2.77519  2.98518  4.58477  3.61503
          0.13640  4.45371  2.15524  0.61958  0.77255  0.61348  0.77972
     55   2.85679  4.28294  4.40099  3.81847  3.26975  4.01186  4.33371  1.95593  3.69316  1.69341  2.41073  4.01789  2.68565  3.89063  3.85299  3.31244  3.08893  1.92931  4.93355  3.76914     66 - -
          2.68618  4.42225  2.77519  2.73123  3.46354  2.40513  3.72494  3.29354  2.67741  2.69355  4.24690  2.90347  2.73739  3.18146  2.89801  2.37887  2.77519  2.98518  4.58477  3.61503
          0.01962  4.33693  5.05927  0.61958  0.77255  0.56050  0.84612
     56   2.84820  5.13972  3.18845  2.60124  4.45573  3.60512  2.87351  3.88044  1.47030  3.39670  3.03885  3.10317  3.98541  2.25098  2.63438  2.84285  3.06037  3.52468  5.54165  4.23055     67 - -
          2.68618  4.42225  2.77519  2.73123  3.46354  2.40513  3.72494  3.29354  2.67741  2.69355  4.24690  2.90347  2.73739  3.18146  2.89801  2.37887  2.77519  2.98518  4.58477  3.61503
          0.01792  4.42655  5.14890  0.61958  0.77255  0.65127  0.73686
     57   2.21479  5.04732  2.92469  2.52008  4.49879  1.92216  3.80748  3.94630  2.04871  3.49150  4.28249  2.30891  3.93299  2.94268  3.01974  2.75932  3.02743  3.54102  5.66993  4.30828     68 - -
          2.68618  4.42225  2.77519  2.73123  3.46354  2.40513  3.72494  3.29354  2.67741  2.69355  4.24690  2.90347  2.73739  3.18146  2.89801  2.37887  2.77519  2.98518  4.58477  3.61503
          0.01792  4.42655  5.14890  0.61958  0.77255  0.39465  1.12061
     58   2.83495  5.23270  2.24258  2.46751  4.65732  3.47371  3.85039  4.13293  2.67681  3.65198  4.42973  2.00972  3.97168  2.97900  3.18324  1.66535  2.44844  3.70329  5.81617  4.40785     69 - -
          2.68618  4.42225  2.77519  2.73123  3.46354  2.40513  3.72494  3.29354  2.67741  2.69355  4.24690  2.90347  2.73739  3.18146  2.89801  2.37887  2.77519  2.98518  4.58477  3.61503
          0.01608  4.53384  5.25619  0.61958  0.77255  0.48576  0.95510
     59   1.57620  4.97390  2.98245  2.12237  4.51258  3.46935  3.99640  3.92637  2.84504  3.53563  4.35894  3.16702  1.78409  3.16377  3.29865  2.84897  3.12221  3.53222  5.76169  4.42171     70 - -
          2.68618  4.42225  2.77519  2.73123  3.46354  2.40513  3.72494  3.29354  2.67741  2.69355  4.24690  2.90347  2.73739  3.18146  2.89801  2.37887  2.77519  2.98518  4.58477  3.61503
          0.01608  4.53384  5.25619  0.61958  0.77255  0.48576  0.95510
     60   2.82017  5.34684  1.94150  2.00651  4.67933  2.66589  3.75172  4.17104  2.21095  3.64643  4.39868  2.95127  2.89006  2.44466  3.04221  2.76711  3.05982  3.73222  5.77954  4.35162     71 - -
          2.68618  4.42225  2.77519  2.73123  3.46354  2.40513  3.72494  3.29354  2.67741  2.69355  4.24690  2.90347  2.73739  3.18146  2.89801  2.37887  2.77519  2.98518  4.58477  3.61503
          0.01608  4.53384  5.25619  0.61958  0.77255  0.48576  0.95510
     61   3.38383  4.68075  5.21907  4.66146  2.43739  4.67955  4.99006  2.26406  4.51863  1.31990  3.26212  4.78332  4.91774  4.60310  4.57719  4.03148  3.61569  1.15191  5.29758  4.10461     72 - -
          2.68618  4.42225  2.77519  2.73123  3.46354  2.40513  3.72494  3.29354  2.67741  2.69355  4.24690  2.90347  2.73739  3.18146  2.89801  2.37887  2.77519  2.98518  4.58477  3.61503
          0.01608  4.53384  5.25619  0.61958  0.77255  0.48576  0.95510
     62   2.33952  5.28181  3.10703  2.16849  4.65020  3.59051  3.72009  4.09860  1.63630  3.56383  4.33057  3.06421  3.97814  2.28535  2.20741  2.81586  3.06703  3.68804  5.67110  4.32105     73 - -
          2.68618  4.42225  2.77519  2.73123  3.46354  2.40513  3.72494  3.29354  2.67741  2.69355  4.24690  2.90347  2.73739  3.18146  2.89801  2.37887  2.77519  2.98518  4.58477  3.61503
          0.01608  4.53384  5.25619  0.61958  0.77255  0.48576  0.95510
     63   1.75511  4.68881  3.30405  2.75297  3.92256  2.88504  3.85098  3.30986  2.27658  2.97126  3.82463  3.22431  3.99121  3.06221  3.12177  2.81887  2.45225  3.03051  3.06484  3.99163     74 - -
          2.68618  4.42225  2.77519  2.73123  3.46354  2.40513  3.72494  3.29354  2.67741  2.69355  4.24690  2.90347  2.73739  3.18146  2.89801  2.37887  2.77519  2.98518  4.58477  3.61503
          0.01608  4.53384  5.25619  0.61958  0.77255  0.48576  0.95510
     64   3.34844  5.08082  3.84781  3.45446  3.20505  4.04785  0.90029  3.55714  3.11093  2.13653  4.14951  3.79379  4.49885  3.64642  3.35463  3.47618  3.60684  3.40870  4.79940  3.21111     75 - -
          2.68618  4.42225  2.77519  2.73123  3.46354  2.40513  3.72494  3.29354  2.67741  2.69355  4.24690  2.90347  2.73739  3.18146  2.89801  2.37887  2.77519  2.98518  4.58477  3.61503
          0.01608  4.53384  5.25619  0.61958  0.77255  0.48576  0.95510
     65   1.08506  4.48535  4.01500  3.84718  4.92227  1.11317  4.87256  4.34180  3.97017  4.05907  4.87354  3.82106  4.06706  4.19464  4.20744  2.75438  3.09971  3.66793  6.24634  5.10872     76 - -
          2.68618  4.42225  2.77519  2.73123  3.46354  2.40513  3.72494  3.29354  2.67741  2.69355  4.24690  2.90347  2.73739  3.18146  2.89801  2.37887  2.77519  2.98518  4.58477  3.61503
          0.01608  4.53384  5.25619  0.61958  0.77255  0.48576  0.95510
     66   2.31549  5.13213  2.97739  2.08820  4.44186  2.70194  3.70873  3.89853  1.99076  3.42477  4.19253  2.51119  3.90532  2.82275  2.94323  2.71273  2.96367  2.76959  5.59527  4.21134     77 - -
          2.68618  4.42225  2.77519  2.73123  3.46354  2.40513  3.72494  3.29354  2.67741  2.69355  4.24690  2.90347  2.73739  3.18146  2.89801  2.37887  2.77519  2.98518  4.58477  3.61503
          0.01608  4.53384  5.25619  0.61958  0.77255  0.48576  0.95510
     67   3.21017  5.41342  3.65089  2.95454  4.89172  3.87179  3.82603  4.23774  1.16768  3.66670  4.50575  3.38076  4.23043  2.94829  1.59650  3.19452  2.45757  3.89128  5.71120  4.51838     78 - -
          2.68618  4.42225  2.77519  2.73123  3.46354  2.40513  3.72494  3.29354  2.67741  2.69355  4.24690  2.90347  2.73739  3.18146  2.89801  2.37887  2.77519  2.98518  4.58477  3.61503
          0.01608  4.53384  5.25619  0.61958  0.77255  0.48576  0.95510
     68   3.47722  4.69639  5.49210  5.03395  4.03801  5.03466  5.78486  1.26818  4.96159  2.47176  3.78302  5.19856  5.28724  5.22490  5.13572  4.47083  3.74419  0.77618  6.13816  4.91482     79 - -
          2.68618  4.42225  2.77519  2.73123  3.46354  2.40513  3.72494  3.29354  2.67741  2.69355  4.24690  2.90347  2.73739  3.18146  2.89801  2.37887  2.77519  2.98518  4.58477  3.61503
          0.01608  4.53384  5.25619  0.61958  0.77255  0.48576  0.95510
     69   2.46788  4.39970  4.89393  4.30552  2.40985  4.27805  4.62667  1.87002  4.14243  1.33168  3.25213  4.39216  4.58842  4.27282  4.20312  3.60115  3.28301  1.87303  5.07999  3.93051     80 - -
          2.68618  4.42225  2.77519  2.73123  3.46354  2.40513  3.72494  3.29354  2.67741  2.69355  4.24690  2.90347  2.73739  3.18146  2.89801  2.37887  2.77519  2.98518  4.58477  3.61503
          0.01608  4.53384  5.25619  0.61958  0.77255  0.48576  0.95510
     70   2.31111  5.20179  2.51429  2.42670  4.53848  2.40533  3.71944  4.01110  2.10027  3.51408  4.27071  2.40076  3.90781  2.82857  2.97345  2.71854  2.46889  3.59339  5.66588  4.26414     81 - -
          2.68618  4.42225  2.77519  2.73123  3.46354  2.40513  3.72494  3.29354  2.67741  2.69355  4.24690  2.90347  2.73739  3.18146  2.89801  2.37887  2.77519  2.98518  4.58477  3.61503
          0.01608  4.53384  5.25619  0.61958  0.77255  0.48576  0.95510
     71   1.57127  4.44834  3.70153  3.14665  2.70489  3.74685  4.01878  2.87920  3.07754  2.09627  3.50903  3.52754  4.13485  2.60663  3.40552  3.01112  3.00416  2.68798  5.00622  3.75428     82 - -
          2.68618  4.42225  2.77519  2.73123  3.46354  2.40513  3.72494  3.29354  2.67741  2.69355  4.24690  2.90347  2.73739  3.18146  2.89801  2.37887  2.77519  2.98518  4.58477  3.61503
          0.01608  4.53384  5.25619  0.61958  0.77255  0.48576  0.95510
     72   3.32667  4.61775  5.24571  4.67285  2.05502  4.63790  4.99243  1.81717  4.52184  1.41194  3.24637  4.76986  4.87879  4.59715  4.55687  3.98515  3.55621  1.44760  5.31373  4.18378     83 - -
          2.68618  4.42225  2.77519  2.73123  3.46354  2.40513  3.72494  3.29354  2.67741  2.69355  4.24690  2.90347  2.73739  3.18146  2.89801  2.37887  2.77519  2.98518  4.58477  3.61503
          0.01608  4.53384  5.25619  0.61958  0.77255  0.48576  0.95510
     73   2.70916  4.86078  3.13154  2.62781  4.19222  2.23967  3.82851  3.61663  2.64968  3.22821  4.04635  2.43649  3.95347  2.99125  3.10468  2.04774  2.51968  3.27808  5.47155  2.83650     84 - -
          2.68618  4.42225  2.77519  2.73123  3.46354  2.40513  3.72494  3.29354  2.67741  2.69355  4.24690  2.90347  2.73739  3.18146  2.89801  2.37887  2.77519  2.98518  4.58477  3.61503
          0.01608  4.53384  5.25619  0.61958  0.77255  0.48576  0.95510
     74   2.32745  5.22713  2.11001  2.05732  4.55101  3.49118  3.71178  4.02627  2.14982  3.52363  4.27768  2.55190  3.90616  2.81908  2.96714  2.71855  2.98853  2.78229  5.67136  4.26508     85 - -
          2.68618  4.42225  2.77519  2.73123  3.46354  2.40513  3.72494  3.29354  2.67741  2.69355  4.24690  2.90347  2.73739  3.18146  2.89801  2.37887  2.77519  2.98518  4.58477  3.61503
          0.01608  4.53384  5.25619  0.61958  0.77255  0.48576  0.95510
     75   1.21286  4.40160  4.00153  3.55055  3.89731  2.61243  4.39087  1.83654  3.49728  2.91329  3.85658  3.74621  4.14456  3.77659  3.77108  2.92970  3.04160  2.71972  5.38929  4.18258     86 - -
          2.68618  4.42225  2.77519  2.73123  3.46354  2.40513  3.72494  3.29354  2.67741  2.69355  4.24690  2.90347  2.73739  3.18146  2.89801  2.37887  2.77519  2.98518  4.58477  3.61503
          0.01608  4.53384  5.25619  0.61958  0.77255  0.48576  0.95510
     76   2.30226  4.49582  5.00198  4.45210  3.66895  4.50266  4.95438  1.71951  4.32981  1.66616  3.52942  4.59582  4.81097  4.52849  4.45982  3.84827  3.42491  1.19225  5.45568  4.27547     87 - -
          2.68618  4.42225  2.77519  2.73123  3.46354  2.40513  3.72494  3.29354  2.67741  2.69355  4.24690  2.90347  2.73739  3.18146  2.89801  2.37887  2.77519  2.98518  4.58477  3.61503
          0.01608  4.53384  5.25619  0.61958  0.77255  0.48576  0.95510
     77   1.76308  3.03702  3.62154  3.06158  3.63026  3.64784  3.98519  2.35920  2.43297  2.70000  3.59246  3.44833  4.06638  3.31341  3.34989  2.37213  2.94982  2.73370  5.07226  3.83957     88 - -
          2.68618  4.42225  2.77519  2.73123  3.46354  2.40513  3.72494  3.29354  2.67741  2.69355  4.24690  2.90347  2.73739  3.18146  2.89801  2.37887  2.77519  2.98518  4.58477  3.61503
          0.01608  4.53384  5.25619  0.61958  0.77255  0.48576  0.95510
     78   2.80227  5.25887  2.96089  2.12610  4.59732  3.53138  2.13845  4.06317  2.07967  3.54861  4.30977  3.00407  3.94062  2.30523  2.86587  2.25881  3.03098  3.64824  5.68084  4.29605     89 - -
          2.68618  4.42225  2.77519  2.73123  3.46354  2.40513  3.72494  3.29354  2.67741  2.69355  4.24690  2.90347  2.73739  3.18146  2.89801  2.37887  2.77519  2.98518  4.58477  3.61503
          0.12225  4.53384  2.26019  0.61958  0.77255  0.48576  0.95510
     79   3.56515  4.85030  5.30763  4.73420  3.26208  4.86404  5.18335  2.34083  4.58837  0.79841  2.11477  4.94828  5.00752  4.61456  4.63998  4.22420  3.78241  2.01467  5.38552  4.36783     90 - -
          2.68624  4.42231  2.77525  2.73129  3.46360  2.40518  3.72500  3.29360  2.67746  2.69361  4.24695  2.90352  2.73745  3.18082  2.89806  2.37892  2.77525  2.98466  4.58483  3.61509
          0.37885  1.99179  1.72093  0.66815  0.71879  0.64733  0.74116
     80   2.67150  4.96277  2.09976  2.42110  4.43769  2.42767  3.76969  3.89122  2.60776  3.44868  4.24162  2.94469  2.65967  2.91162  3.09925  2.67937  2.20777  3.47733  5.64107  4.26303     93 - -
          2.68618  4.42225  2.77519  2.73123  3.46354  2.40513  3.72494  3.29354  2.67741  2.69355  4.24690  2.90347  2.73739  3.18146  2.89801  2.37887  2.77519  2.98518  4.58477  3.61503
          0.15962  4.23938  2.01654  0.61958  0.77255  0.30806  1.32753
     81   3.04087  5.56023  1.20390  2.35901  4.90900  2.33152  3.91893  4.41521  2.14722  3.90426  4.71648  2.93356  4.02653  3.06622  3.37381  2.95617  3.31683  3.97902  6.05100  4.58688     94 - -
          2.68626  4.42233  2.77528  2.73091  3.46362  2.40521  3.72503  3.29362  2.67749  2.69363  4.24698  2.90355  2.73748  3.18155  2.89809  2.37895  2.77480  2.98469  4.58485  3.61511
          0.80323  0.98286  1.72666  0.12437  2.14606  0.63952  0.74982
     82   2.68504  4.75858  2.94230  1.99414  4.12126  1.96759  3.84003  3.44082  2.70059  3.14595  4.00606  3.07732  3.91497  3.03086  3.13556  2.75752  2.97096  2.26896  5.44032  4.12590     96 - -
          2.68618  4.42225  2.77519  2.73123  3.46354  2.40513  3.72494  3.29354  2.67741  2.69355  4.24690  2.90347  2.73739  3.18146  2.89801  2.37887  2.77519  2.98518  4.58477  3.61503
          0.02150  4.24630  4.96864  0.61958  0.77255  0.31035  1.32121
     83   2.74893  5.19073  2.54344  2.43613  4.50776  3.50267  2.84829  3.97515  1.83976  3.48259  4.24302  2.21566  3.90941  2.81837  2.93441  2.72088  2.98141  2.71720  5.63634  4.24265     97 - -
          2.68618  4.42225  2.77519  2.73123  3.46354  2.40513  3.72494  3.29354  2.67741  2.69355  4.24690  2.90347  2.73739  3.18146  2.89801  2.37887  2.77519  2.98518  4.58477  3.61503
          0.01608  4.53384  5.25619  0.61958  0.77255  0.48576  0.95510
     84   2.75355  4.25912  4.10208  3.51991  3.33147  3.83909  2.90752  2.22902  3.40268  2.06958  1.89658  3.77355  4.20519  3.64917  3.61764  3.12073  2.36283  2.46918  4.86367  3.66831     98 - -
          2.68618  4.42225  2.77519  2.73123  3.46354  2.40513  3.72494  3.29354  2.67741  2.69355  4.24690  2.90347  2.73739  3.18146  2.89801  2.37887  2.77519  2.98518  4.58477  3.61503
          0.01608  4.53384  5.25619  0.61958  0.77255  0.48576  0.95510
     85   2.73880  5.20555  2.39712  1.87589  4.52994  3.49078  3.70178  4.00364  2.18989  3.50269  4.25575  2.96518  3.08319  2.80805  2.94917  2.25632  2.97248  2.78918  5.65136  4.24835     99 - -
          2.68618  4.42225  2.77519  2.73123  3.46354  2.40513  3.72494  3.29354  2.67741  2.69355  4.24690  2.90347  2.73739  3.18146  2.89801  2.37887  2.77519  2.98518  4.58477  3.61503
          0.01608  4.53384  5.25619  0.61958  0.77255  0.48576  0.95510
     86   1.36591  4.60155  3.42352  2.93243  4.01265  2.71408  4.01639  3.38874  2.92628  3.07205  2.63349  2.65216  4.01141  3.25373  3.32274  2.81044  2.98041  3.07902  5.38468  4.11964    100 - -
          2.68618  4.42225  2.77519  2.73123  3.46354  2.40513  3.72494  3.29354  2.67741  2.69355  4.24690  2.90347  2.73739  3.18146  2.89801  2.37887  2.77519  2.98518  4.58477  3.61503
          0.01608  4.53384  5.25619  0.61958  0.77255  0.48576  0.95510
     87   2.40807  5.23353  2.45606  2.09641  4.56589  3.48995  3.70031  4.04533  2.08271  3.53281  4.28080  2.96011  3.89935  2.35825  2.94164  2.70780  2.16478  3.61792  5.67190  4.26391    101 - -
          2.68618  4.42225  2.77519  2.73123  3.46354  2.40513  3.72494  3.29354  2.67741  2.69355  4.24690  2.90347  2.73739  3.18146  2.89801  2.37887  2.77519  2.98518  4.58477  3.61503
          0.01608  4.53384  5.25619  0.61958  0.77255  0.48576  0.95510
     88   3.55895  4.84161  5.40244  4.81134  2.46648  4.84008  5.12326  2.46681  4.66169  0.83484  2.23529  4.96075  4.99381  4.63632  4.66053  4.18962  3.77075  2.06272  5.31630  4.27663    102 - -
          2.68618  4.42225  2.77519  2.73123  3.46354  2.40513  3.72494  3.29354  2.67741  2.69355  4.24690  2.90347  2.73739  3.18146  2.89801  2.37887  2.77519  2.98518  4.58477  3.61503
          0.01608  4.53384  5.25619  0.61958  0.77255  0.48576  0.95510
     89   2.41693  5.21609  3.08569  2.53026  4.57591  3.56564  3.72586  4.02386  1.56212  3.51448  4.28496  2.50226  3.96155  2.83593  2.25481  2.40889  3.03920  3.62167  5.64496  4.28981    103 - -
          2.68618  4.42225  2.77519  2.73123  3.46354  2.40513  3.72494  3.29354  2.67741  2.69355  4.24690  2.90347  2.73739  3.18146  2.89801  2.37887  2.77519  2.98518  4.58477  3.61503
          0.01608  4.53384  5.25619  0.61958  0.77255  0.48576  0.95510
     90   2.03025  5.12381  2.33732  2.47675  4.50137  3.48183  3.77329  3.96125  2.55894  3.49334  4.26606  2.39141  2.86301  2.89481  3.04896  2.74060  2.16515  3.55454  5.66782  4.28096    104 - -
          2.68618  4.42225  2.77519  2.73123  3.46354  2.40513  3.72494  3.29354  2.67741  2.69355  4.24690  2.90347  2.73739  3.18146  2.89801  2.37887  2.77519  2.98518  4.58477  3.61503
          0.01608  4.53384  5.25619  0.61958  0.77255  0.48576  0.95510
     91   3.61395  4.89000  5.40903  4.84411  2.35335  4.89974  5.13203  2.43157  4.70126  0.73968  3.10440  4.99857  5.05332  4.68949  4.71923  4.26128  3.83136  1.97942  5.30821  4.16387    105 - -
          2.68618  4.42225  2.77519  2.73123  3.46354  2.40513  3.72494  3.29354  2.67741  2.69355  4.24690  2.90347  2.73739  3.18146  2.89801  2.37887  2.77519  2.98518  4.58477  3.61503
          0.01608  4.53384  5.25619  0.61958  0.77255  0.48576  0.95510
     92   1.94545  4.46429  3.84647  3.41230  4.41334  1.74923  4.42075  3.79762  3.40101  3.49702  4.32911  3.59994  4.00481  3.68753  3.74051  1.42883  2.98611  2.34347  5.77631  4.55918    106 - -
          2.68618  4.42225  2.77519  2.73123  3.46354  2.40513  3.72494  3.29354  2.67741  2.69355  4.24690  2.90347  2.73739  3.18146  2.89801  2.37887  2.77519  2.98518  4.58477  3.61503
          0.01608  4.53384  5.25619  0.61958  0.77255  0.48576  0.95510
     93   2.34253  5.15468  2.56095  2.17613  4.46843  2.69209  3.70315  3.93224  2.46146  3.44913  4.21064  2.97785  3.89880  2.38209  2.95055  2.26759  2.96111  2.77172  5.61257  4.22025    107 - -
          2.68618  4.42225  2.77519  2.73123  3.46354  2.40513  3.72494  3.29354  2.67741  2.69355  4.24690  2.90347  2.73739  3.18146  2.89801  2.37887  2.77519  2.98518  4.58477  3.61503
          0.01608  4.53384  5.25619  0.61958  0.77255  0.48576  0.95510
     94   2.75147  4.74933  3.30696  2.73595  3.95243  3.61987  3.82016  3.33030  2.17196  2.24363  3.84015  3.21521  4.00583  3.01989  2.45633  2.06554  2.98036  2.44195  5.28083  4.00005    108 - -
          2.68618  4.42225  2.77519  2.73123  3.46354  2.40513  3.72494  3.29354  2.67741  2.69355  4.24690  2.90347  2.73739  3.18146  2.89801  2.37887  2.77519  2.98518  4.58477  3.61503
          0.01608  4.53384  5.25619  0.61958  0.77255  0.48576  0.95510
     95   4.01508  5.61737  4.06237  3.93018  4.00717  4.21077  0.30018  4.83846  3.77180  4.21816  5.35104  4.29404  4.81610  4.31935  3.97205  4.09608  4.36075  4.55898  5.44109  3.94920    109 - -
          2.68618  4.42225  2.77519  2.73123  3.46354  2.40513  3.72494  3.29354  2.67741  2.69355  4.24690  2.90347  2.73739  3.18146  2.89801  2.37887  2.77519  2.98518  4.58477  3.61503
          0.01608  4.53384  5.25619  0.61958  0.77255  0.48576  0.95510
     96   1.67037  3.12377  3.60206  3.04818  3.77691  3.61730  4.01690  3.03965  2.01558  2.82301  3.71758  3.43885  4.06878  3.30644  3.31918  2.90049  2.97927  2.22426  5.20185  3.96129    110 - -
          2.68618  4.42225  2.77519  2.73123  3.46354  2.40513  3.72494  3.29354  2.67741  2.69355  4.24690  2.90347  2.73739  3.18146  2.89801  2.37887  2.77519  2.98518  4.58477  3.61503
          0.01608  4.53384  5.25619  0.61958  0.77255  0.48576  0.95510
     97   2.72174  5.18745  2.55715  2.41938  4.51661  2.76230  3.00228  3.99034  2.08610  3.48784  4.23792  2.96531  2.98435  2.79368  2.92644  2.26577  2.47836  3.57072  5.63453  4.23363    111 - -
          2.68618  4.42225  2.77519  2.73123  3.46354  2.40513  3.72494  3.29354  2.67741  2.69355  4.24690  2.90347  2.73739  3.18146  2.89801  2.37887  2.77519  2.98518  4.58477  3.61503
          0.01608  4.53384  5.25619  0.61958  0.77255  0.48576  0.95510
     98   2.89355  5.16831  3.24966  2.65878  4.47714  3.65197  3.76015  3.91028  1.40330  3.43185  4.23804  3.15680  4.03320  2.88841  2.23491  2.28573  3.10660  3.55733  5.57168  2.89641    112 - -
          2.68618  4.42225  2.77519  2.73123  3.46354  2.40513  3.72494  3.29354  2.67741  2.69355  4.24690  2.90347  2.73739  3.18146  2.89801  2.37887  2.77519  2.98518  4.58477  3.61503
          0.01608  4.53384  5.25619  0.61958  0.77255  0.48576  0.95510
     99   2.81621  4.46669  3.76797  3.22785  2.44614  1.88191  2.80310  2.95339  3.15729  1.98432  3.57256  3.57741  4.17913  3.45031  3.46713  3.06336  3.05379  2.74680  4.78941  3.39414    113 - -
          2.68623  4.42230  2.77525  2.73128  3.46359  2.40518  3.72500  3.29359  2.67708  2.69360  4.24695  2.90304  2.73745  3.18151  2.89806  2.37892  2.77525  2.98523  4.58482  3.61508
          0.39130  2.18501  1.55424  0.66651  0.72051  0.48576  0.95510
    100   2.97220  5.27254  3.30294  2.67697  4.67980  3.66552  2.12959  4.07585  1.74686  3.51920  4.33116  3.14927  4.03286  2.11836  2.01661  2.94611  3.16068  3.70886  5.58656  4.33008    116 - -
          2.68618  4.42225  2.77519  2.73123  3.46354  2.40513  3.72494  3.29354  2.67741  2.69355  4.24690  2.90347  2.73739  3.18146  2.89801  2.37887  2.77519  2.98518  4.58477  3.61503
          0.02030  4.30300  5.02535  0.61958  0.77255  0.33122  1.26602
    101   3.47655  4.69635  5.48986  5.03175  4.03729  5.03229  5.78233  1.28433  4.95894  2.47150  3.78274  5.19635  5.28576  5.22244  5.13316  4.46838  3.74367  0.76692  6.13670  4.91324    117 - -
          2.68618  4.42225  2.77519  2.73123  3.46354  2.40513  3.72494  3.29354  2.67741  2.69355  4.24690  2.90347  2.73739  3.18146  2.89801  2.37887  2.77519  2.98518  4.58477  3.61503
          0.01608  4.53384  5.25619  0.61958  0.77255  0.48576  0.95510
    102   2.26884  5.18885  1.88922  2.43955  4.52781  3.49164  3.73687  3.99451  2.13712  3.50806  4.27173  2.98439  2.89517  2.85045  2.99623  2.73313  2.48492  3.58386  5.66809  4.27090    118 - -
          2.68618  4.42225  2.77519  2.73123  3.46354  2.40513  3.72494  3.29354  2.67741  2.69355  4.24690  2.90347  2.73739  3.18146  2.89801  2.37887  2.77519  2.98518  4.58477  3.61503
          0.01608  4.53384  5.25619  0.61958  0.77255  0.48576  0.95510
    103   2.30183  4.94371  2.46035  2.54540  4.19536  3.53322  2.89316  2.79827  2.56901  3.21593  4.02876  3.06766  2.18817  2.91371  3.03528  2.75922  2.96696  3.28525  5.45543  4.11421    119 - -
          2.68618  4.42225  2.77519  2.73123  3.46354  2.40513  3.72494  3.29354  2.67741  2.69355  4.24690  2.90347  2.73739  3.18146  2.89801  2.37887  2.77519  2.98518  4.58477  3.61503
          0.01608  4.53384  5.25619  0.61958  0.77255  0.48576  0.95510
    104   2.28603  5.20167  2.48175  2.16464  4.52794  3.49235  3.69506  4.00140  2.12539  3.49820  4.24965  2.96609  3.89582  2.02910  2.93076  2.70126  2.96578  2.93796  5.64435  4.24290    120 - -
          2.68618  4.42225  2.77519  2.73123  3.46354  2.40513  3.72494  3.29354  2.67741  2.69355  4.24690  2.90347  2.73739  3.18146  2.89801  2.37887  2.77519  2.98518  4.58477  3.61503
          0.01608  4.53384  5.25619  0.61958  0.77255  0.48576  0.95510
    105   2.88844  5.08500  3.12058  2.64911  3.78166  3.64019  2.66216  3.76795  2.60892  3.31897  4.16773  2.22769  4.05066  2.42151  3.02843  2.90003  3.11844  3.44706  5.18590  1.85129    121 - -
          2.68618  4.42225  2.77519  2.73123  3.46354  2.40513  3.72494  3.29354  2.67741  2.69355  4.24690  2.90347  2.73739  3.18146  2.89801  2.37887  2.77519  2.98518  4.58477  3.61503
          0.01608  4.53384  5.25619  0.61958  0.77255  0.48576  0.95510
    106   3.13971  4.58295  4.54527  4.01789  1.39481  4.20512  4.33479  2.72334  3.88519  1.48989  3.34740  4.18501  2.64384  4.06502  4.03882  3.53080  3.38141  2.69208  4.77482  3.36264    122 - -
          2.68618  4.42225  2.77519  2.73123  3.46354  2.40513  3.72494  3.29354  2.67741  2.69355  4.24690  2.90347  2.73739  3.18146  2.89801  2.37887  2.77519  2.98518  4.58477  3.61503
          0.01608  4.53384  5.25619  0.61958  0.77255  0.48576  0.95510
    107   2.79654  5.26990  2.98107  1.85112  4.62110  3.53260  3.71200  4.08980  1.83398  3.56305  4.31786  2.48564  2.81874  2.81598  2.44236  2.75828  3.02369  3.66578  5.68456  4.29931    123 - -
          2.68618  4.42225  2.77519  2.73123  3.46354  2.40513  3.72494  3.29354  2.67741  2.69355  4.24690  2.90347  2.73739  3.18146  2.89801  2.37887  2.77519  2.98518  4.58477  3.61503
          0.01608  4.53384  5.25619  0.61958  0.77255  0.48576  0.95510
    108   2.73161  4.26399  4.00806  3.43460  2.61948  3.79947  4.09360  2.67365  3.34065  1.91135  3.36620  2.80661  2.91294  3.59137  3.57952  3.07830  2.96631  1.76967  4.86580  3.65373    124 - -
          2.68618  4.42225  2.77519  2.73123  3.46354  2.40513  3.72494  3.29354  2.67741  2.69355  4.24690  2.90347  2.73739  3.18146  2.89801  2.37887  2.77519  2.98518  4.58477  3.61503
          0.01608  4.53384  5.25619  0.61958  0.77255  0.48576  0.95510
    109   3.48357  4.75830  5.38551  4.80802  2.41502  4.80330  5.13240  1.86471  4.66218  0.94739  3.14699  4.93473  4.98739  4.67705  4.67535  4.15792  3.70494  1.84458  5.36433  4.28854    125 - -
          2.68618  4.42225  2.77519  2.73123  3.46354  2.40513  3.72494  3.29354  2.67741  2.69355  4.24690  2.90347  2.73739  3.18146  2.89801  2.37887  2.77519  2.98518  4.58477  3.61503
          0.01608  4.53384  5.25619  0.61958  0.77255  0.48576  0.95510
    110   2.24458  5.07256  3.06958  2.52974  4.44641  2.35232  3.75032  3.89222  2.08027  3.42732  4.20499  3.05119  3.93177  2.87112  2.43075  2.05379  2.98577  3.49989  5.59995  4.24010    126 - -
          2.68618  4.42225  2.77519  2.73123  3.46354  2.40513  3.72494  3.29354  2.67741  2.69355  4.24690  2.90347  2.73739  3.18146  2.89801  2.37887  2.77519  2.98518  4.58477  3.61503
          0.01608  4.53384  5.25619  0.61958  0.77255  0.48576  0.95510
    111   1.69231  5.25223  2.82307  1.75982  4.56448  3.50923  2.92341  4.03085  2.58368  3.55480  4.33739  2.50237  3.96484  2.91838  3.07130  2.80861  3.08430  3.63498  5.72362  4.32554    127 - -
          2.68618  4.42225  2.77519  2.73123  3.46354  2.40513  3.72494  3.29354  2.67741  2.69355  4.24690  2.90347  2.73739  3.18146  2.89801  2.37887  2.77519  2.98518  4.58477  3.61503
          0.01608  4.53384  5.25619  0.61958  0.77255  0.48576  0.95510
    112   1.63503  2.87268  4.09346  3.59427  3.85372  2.46851  4.35635  3.19133  3.51825  2.94230  3.83229  3.72684  4.06825  3.76992  3.77387  2.15268  2.96395  1.80592  5.31502  4.12192    128 - -
          2.68618  4.42225  2.77519  2.73123  3.46354  2.40513  3.72494  3.29354  2.67741  2.69355  4.24690  2.90347  2.73739  3.18146  2.89801  2.37887  2.77519  2.98518  4.58477  3.61503
          0.01608  4.53384  5.25619  0.61958  0.77255  0.48576  0.95510
    113   3.62114  4.87350  5.50111  4.93523  2.37578  4.95923  5.22428  1.23939  4.79396  1.08599  3.13064  5.07821  5.09683  4.76995  4.79566  4.32710  3.83831  2.43788  5.37886  4.26154    129 - -
          2.68618  4.42225  2.77519  2.73123  3.46354  2.40513  3.72494  3.29354  2.67741  2.69355  4.24690  2.90347  2.73739  3.18146  2.89801  2.37887  2.77519  2.98518  4.58477  3.61503
          0.01608  4.53384  5.25619  0.61958  0.77255  0.48576  0.95510
    114   2.28839  4.49098  4.95868  4.39989  3.58125  4.45249  4.87547  1.75796  4.27037  1.36028  3.44693  4.54266  4.76017  4.45270  4.39040  3.79156  3.40354  1.48089  5.36745  4.20206    130 - -
          2.68618  4.42225  2.77519  2.73123  3.46354  2.40513  3.72494  3.29354  2.67741  2.69355  4.24690  2.90347  2.73739  3.18146  2.89801  2.37887  2.77519  2.98518  4.58477  3.61503
          0.01608  4.53384  5.25619  0.61958  0.77255  0.48576  0.95510
    115   2.71157  3.44062  2.47583  2.49913  4.27855  3.51858  2.88174  3.71277  2.13346  3.28291  4.07446  3.02897  3.91281  2.85198  2.96911  2.05038  2.94402  2.82168  5.49360  4.13593    131 - -
          2.68618  4.42225  2.77519  2.73123  3.46354  2.40513  3.72494  3.29354  2.67741  2.69355  4.24690  2.90347  2.73739  3.18146  2.89801  2.37887  2.77519  2.98518  4.58477  3.61503
          0.01608  4.53384  5.25619  0.61958  0.77255  0.48576  0.95510
    116   2.22582  4.32363  3.92537  3.37116  3.49724  3.73212  4.12492  2.73847  3.28991  2.56131  3.49014  3.66637  4.15700  3.56343  3.56334  3.02864  1.73519  1.87419  4.99384  2.78456    132 - -
          2.68618  4.42225  2.77519  2.73123  3.46354  2.40513  3.72494  3.29354  2.67741  2.69355  4.24690  2.90347  2.73739  3.18146  2.89801  2.37887  2.77519  2.98518  4.58477  3.61503
          0.01608  4.53384  5.25619  0.61958  0.77255  0.48576  0.95510
    117   3.49650  4.76627  5.39605  4.82199  3.38433  4.83678  5.19651  1.79111  4.68229  1.14676  1.86712  4.96532  5.01579  4.70853  4.70730  4.19481  3.71935  1.80110  5.43139  4.38241    133 - -
          2.68618  4.42225  2.77519  2.73123  3.46354  2.40513  3.72494  3.29354  2.67741  2.69355  4.24690  2.90347  2.73739  3.18146  2.89801  2.37887  2.77519  2.98518  4.58477  3.61503
          0.01608  4.53384  5.25619  0.61958  0.77255  0.48576  0.95510
    118   1.82733  5.21122  2.98593  2.11609  4.53503  3.54411  2.80230  3.98710  1.80749  3.49751  4.27381  3.02892  3.95579  2.85708  2.87448  2.78733  3.04135  3.59450  5.64915  4.27930    134 - -
          2.68618  4.42225  2.77519  2.73123  3.46354  2.40513  3.72494  3.29354  2.67741  2.69355  4.24690  2.90347  2.73739  3.18146  2.89801  2.37887  2.77519  2.98518  4.58477  3.61503
          0.01608  4.53384  5.25619  0.61958  0.77255  0.48576  0.95510
    119   1.75769  5.09131  2.94579  2.08110  4.41394  3.51117  2.38016  3.85962  2.57836  3.41892  4.21356  3.04108  3.95437  2.92644  3.04953  2.29937  3.03060  3.48779  5.61593  4.24794    135 - -
          2.68618  4.42225  2.77519  2.73123  3.46354  2.40513  3.72494  3.29354  2.67741  2.69355  4.24690  2.90347  2.73739  3.18146  2.89801  2.37887  2.77519  2.98518  4.58477  3.61503
          0.01608  4.53384  5.25619  0.61958  0.77255  0.48576  0.95510
    120   2.79689  4.92251  3.24122  2.68412  4.18082  2.64167  2.13268  3.59751  2.50711  3.20245  4.03442  3.17471  4.00675  2.96636  2.01716  2.84730  3.03041  2.51808  5.42863  4.12277    136 - -
          2.68618  4.42225  2.77519  2.73123  3.46354  2.40513  3.72494  3.29354  2.67741  2.69355  4.24690  2.90347  2.73739  3.18146  2.89801  2.37887  2.77519  2.98518  4.58477  3.61503
          0.13969  4.53384  2.12332  0.61958  0.77255  0.48576  0.95510
    121   2.69081  4.14988  4.20490  3.61702  2.63975  3.80613  2.87327  2.11679  3.48840  2.02499  3.24509  3.80591  4.17170  3.70044  3.65277  3.09640  2.38817  1.96246  4.76260  3.56822    137 - -
          2.68618  4.42225  2.77519  2.73123  3.46354  2.40513  3.72494  3.29354  2.67741  2.69355  4.24690  2.90347  2.73739  3.18146  2.89801  2.37887  2.77519  2.98518  4.58477  3.61503
          0.13250  4.41233  2.18950  0.61958  0.77255  0.67010  0.71674
    122   2.67367  4.60843  3.48521  3.31764  4.75460  1.05458  4.52196  4.26731  3.51616  3.90074  4.75054  3.57344  1.58598  3.80113  3.83617  2.83034  3.15987  3.68947  5.96515  4.82564    138 - -
          2.68618  4.42225  2.77519  2.73123  3.46354  2.40513  3.72494  3.29354  2.67741  2.69355  4.24690  2.90347  2.73739  3.18146  2.89801  2.37887  2.77519  2.98518  4.58477  3.61503
          0.02036  4.30019  5.02254  0.61958  0.77255  0.79957  0.59697
    123   1.67469  4.69971  3.11839  2.73571  4.35833  1.85089  3.94210  3.76541  2.18277  3.38665  4.21085  3.16785  3.90599  3.12153  3.12499  2.70434  2.96528  3.35555  5.61036  4.31549    139 - -
          2.68618  4.42225  2.77519  2.73123  3.46354  2.40513  3.72494  3.29354  2.67741  2.69355  4.24690  2.90347  2.73739  3.18146  2.89801  2.37887  2.77519  2.98518  4.58477  3.61503
          0.02036  4.30019  5.02254  0.61958  0.77255  0.56044  0.84621
    124   2.97837  5.54549  1.69479  1.70967  4.86222  3.45103  3.83730  4.36655  1.70087  3.83435  4.62443  2.90503  3.98316  2.96946  3.21528  2.89129  3.23468  3.92658  5.96810  4.50819    140 - -
          2.68618  4.42225  2.77519  2.73123  3.46354  2.40513  3.72494  3.29354  2.67741  2.69355  4.24690  2.90347  2.73739  3.18146  2.89801  2.37887  2.77519  2.98518  4.58477  3.61503
          0.01818  4.41233  5.13468  0.61958  0.77255  0.67010  0.71674
    125   3.35482  4.67579  4.87852  4.39629  1.16655  4.39308  4.01642  2.90744  4.21470  2.25204  2.32029  4.31190  4.69470  4.25579  4.24671  3.72480  3.57783  2.87779  2.41670  2.62252    141 - -
          2.68618  4.42225  2.77519  2.73123  3.46354  2.40513  3.72494  3.29354  2.67741  2.69355  4.24690  2.90347  2.73739  3.18146  2.89801  2.37887  2.77519  2.98518  4.58477  3.61503
          0.01818  4.41233  5.13468  0.61958  0.77255  0.67010  0.71674
    126   2.05512  4.66845  3.25670  2.79349  4.41032  2.40757  3.98922  3.84788  2.83030  3.45064  4.24679  2.34729  3.89999  3.15656  3.26895  2.03126  1.97815  3.39509  5.66752  4.35977    142 - -
          2.68618  4.42225  2.77519  2.73123  3.46354  2.40513  3.72494  3.29354  2.67741  2.69355  4.24690  2.90347  2.73739  3.18146  2.89801  2.37887  2.77519  2.98518  4.58477  3.61503
          0.13250  4.41233  2.18950  0.61958  0.77255  0.67010  0.71674
    127   1.74785  4.90765  2.85087  1.96195  4.37027  3.38223  3.83510  3.78299  2.66952  3.38682  4.20750  3.02533  2.26808  2.99516  3.12867  2.73832  3.00275  3.40424  5.61236  4.26475    143 - -
          2.68618  4.42225  2.77519  2.73123  3.46354  2.40513  3.72494  3.29354  2.67741  2.69355  4.24690  2.90347  2.73739  3.18146  2.89801  2.37887  2.77519  2.98518  4.58477  3.61503
          0.02036  4.30019  5.02254  0.61958  0.77255  0.56044  0.84621
    128   1.97803  5.25242  2.22183  1.95369  4.59040  2.62347  3.74905  4.06788  2.56134  3.57478  4.34653  2.92729  2.91652  2.87029  3.07206  2.75202  3.04306  3.64970  5.73378  4.31676    144 - -
          2.68618  4.42225  2.77519  2.73123  3.46354  2.40513  3.72494  3.29354  2.67741  2.69355  4.24690  2.90347  2.73739  3.18146  2.89801  2.37887  2.77519  2.98518  4.58477  3.61503
          0.01818  4.41233  5.13468  0.61958  0.77255  0.67010  0.71674
    129   1.52925  4.40853  4.33518  3.81003  3.61166  3.96312  4.52282  2.29752  3.70577  1.87800  3.51659  4.03609  4.40791  3.97272  3.93872  3.30965  3.18027  1.59386  5.28089  4.08322    145 - -
          2.68618  4.42225  2.77519  2.73123  3.46354  2.40513  3.72494  3.29354  2.67741  2.69355  4.24690  2.90347  2.73739  3.18146  2.89801  2.37887  2.77519  2.98518  4.58477  3.61503
          0.01818  4.41233  5.13468  0.61958  0.77255  0.38566  1.13944
    130   2.78802  5.30982  2.30608  2.08099  4.64870  3.49015  2.95769  4.13803  2.11925  3.61071  4.35731  2.37842  3.91830  2.09242  2.98232  2.73966  3.02413  3.69817  5.73942  4.31895    146 - -
          2.68618  4.42225  2.77519  2.73123  3.46354  2.40513  3.72494  3.29354  2.67741  2.69355  4.24690  2.90347  2.73739  3.18146  2.89801  2.37887  2.77519  2.98518  4.58477  3.61503
          0.01608  4.53384  5.25619  0.61958  0.77255  0.48576  0.95510
    131   1.35794  4.91543  2.28142  2.70022  4.63320  2.45931  4.03064  4.09090  2.89682  3.66319  4.45407  3.17489  3.98476  3.18697  3.37312  2.11036  3.07700  3.62045  5.85602  4.50421    147 - -
          2.68618  4.42225  2.77519  2.73123  3.46354  2.40513  3.72494  3.29354  2.67741  2.69355  4.24690  2.90347  2.73739  3.18146  2.89801  2.37887  2.77519  2.98518  4.58477  3.61503
          0.01608  4.53384  5.25619  0.61958  0.77255  0.48576  0.95510
    132   0.79306  4.43159  4.01597  3.75931  4.83289  2.06118  4.76274  4.27848  3.82691  3.95824  4.75052  3.75065  4.01158  4.05963  4.09573  2.06456  3.02106  3.60476  6.16834  5.00401    148 - -
          2.68618  4.42225  2.77519  2.73123  3.46354  2.40513  3.72494  3.29354  2.67741  2.69355  4.24690  2.90347  2.73739  3.18146  2.89801  2.37887  2.77519  2.98518  4.58477  3.61503
          0.01608  4.53384  5.25619  0.61958  0.77255  0.48576  0.95510
    133   3.17955  4.52316  4.83576  4.31749  2.01236  4.25653  4.04709  2.89550  4.13429  2.02717  2.46344  4.24265  4.58746  4.20027  4.16018  3.57714  3.40589  2.77740  1.68126  2.22378    149 - -
          2.68618  4.42225  2.77519  2.73123  3.46354  2.40513  3.72494  3.29354  2.67741  2.69355  4.24690  2.90347  2.73739  3.18146  2.89801  2.37887  2.77519  2.98518  4.58477  3.61503
          0.01608  4.53384  5.25619  0.61958  0.77255  0.48576  0.95510
    134   2.31820  5.25486  2.49075  2.04157  4.58683  2.76435  3.71263  4.06918  2.47399  3.55572  4.30469  2.45087  3.90586  2.44193  2.97293  2.71907  2.42172  3.63959  5.69522  4.28194    150 - -
          2.68618  4.42225  2.77519  2.73123  3.46354  2.40513  3.72494  3.29354  2.67741  2.69355  4.24690  2.90347  2.73739  3.18146  2.89801  2.37887  2.77519  2.98518  4.58477  3.61503
          0.01608  4.53384  5.25619  0.61958  0.77255  0.48576  0.95510
    135   1.95237  4.80999  3.39641  2.84619  4.09099  3.65996  3.91305  2.46915  1.47885  3.06191  3.95746  3.30561  4.07872  3.10510  2.98468  2.93000  3.07229  3.02818  5.41389  4.14127    151 - -
          2.68618  4.42225  2.77519  2.73123  3.46354  2.40513  3.72494  3.29354  2.67741  2.69355  4.24690  2.90347  2.73739  3.18146  2.89801  2.37887  2.77519  2.98518  4.58477  3.61503
          0.01608  4.53384  5.25619  0.61958  0.77255  0.48576  0.95510
    136   1.65652  4.26405  4.19761  3.62187  2.72099  3.86572  4.20973  2.55667  3.51331  1.96955  3.35942  3.84863  4.24707  3.74400  3.71561  3.16046  2.43530  2.07899  4.91745  3.72315    152 - -
          2.68618  4.42225  2.77519  2.73123  3.46354  2.40513  3.72494  3.29354  2.67741  2.69355  4.24690  2.90347  2.73739  3.18146  2.89801  2.37887  2.77519  2.98518  4.58477  3.61503
          0.01608  4.53384  5.25619  0.61958  0.77255  0.48576  0.95510
    137   3.04475  4.42842  4.73969  4.15055  3.20472  4.21220  4.47994  2.52306  3.98879  1.30313  2.33257  4.27451  4.52269  4.12782  4.07590  3.52408  3.27186  2.10684  4.93840  2.05803    153 - -
          2.68618  4.42225  2.77519  2.73123  3.46354  2.40513  3.72494  3.29354  2.67741  2.69355  4.24690  2.90347  2.73739  3.18146  2.89801  2.37887  2.77519  2.98518  4.58477  3.61503
          0.01608  4.53384  5.25619  0.61958  0.77255  0.48576  0.95510
    138   1.75782  5.37923  1.81741  2.00508  4.72838  3.48939  3.85506  4.21107  2.70523  3.71791  4.50049  2.97760  3.99346  2.98480  3.23006  2.21013  3.17070  3.78769  5.87881  4.44768    154 - -
          2.68618  4.42225  2.77519  2.73123  3.46354  2.40513  3.72494  3.29354  2.67741  2.69355  4.24690  2.90347  2.73739  3.18146  2.89801  2.37887  2.77519  2.98518  4.58477  3.61503
          0.01608  4.53384  5.25619  0.61958  0.77255  0.48576  0.95510
    139   2.71236  4.98600  2.52736  2.14092  4.24664  2.90171  3.72716  3.67598  2.51106  2.65258  2.91497  3.03638  3.91688  2.86261  2.98377  2.40550  2.49051  3.33051  5.47543  4.12257    155 - -
          2.68618  4.42225  2.77519  2.73123  3.46354  2.40513  3.72494  3.29354  2.67741  2.69355  4.24690  2.90347  2.73739  3.18146  2.89801  2.37887  2.77519  2.98518  4.58477  3.61503
          0.01608  4.53384  5.25619  0.61958  0.77255  0.48576  0.95510
    140   3.32188  4.60870  5.25284  4.68455  1.98077  4.64624  5.01228  1.47341  4.53616  1.59823  3.28148  4.77956  4.89061  4.62119  4.57589  3.99592  3.55339  1.59595  5.33973  4.20012    156 - -
          2.68618  4.42225  2.77519  2.73123  3.46354  2.40513  3.72494  3.29354  2.67741  2.69355  4.24690  2.90347  2.73739  3.18146  2.89801  2.37887  2.77519  2.98518  4.58477  3.61503
          0.01608  4.53384  5.25619  0.61958  0.77255  0.48576  0.95510
    141   1.94707  2.86844  3.66549  3.10523  2.75027  3.64342  4.00144  2.96162  3.04655  2.67947  3.57270  3.47532  4.06889  3.34802  2.62382  2.08984  2.94472  2.72696  5.04933  3.81979    157 - -
          2.68618  4.42225  2.77519  2.73123  3.46354  2.40513  3.72494  3.29354  2.67741  2.69355  4.24690  2.90347  2.73739  3.18146  2.89801  2.37887  2.77519  2.98518  4.58477  3.61503
          0.01608  4.53384  5.25619  0.61958  0.77255  0.48576  0.95510
    142   2.73146  4.77151  3.21911  2.68817  4.00333  2.31834  3.82547  2.15880  2.24478  3.04025  3.88585  2.65775  3.98479  3.01691  3.07929  2.81554  2.53912  3.09837  5.32916  4.03311    158 - -
          2.68618  4.42225  2.77519  2.73123  3.46354  2.40513  3.72494  3.29354  2.67741  2.69355  4.24690  2.90347  2.73739  3.18146  2.89801  2.37887  2.77519  2.98518  4.58477  3.61503
          0.01608  4.53384  5.25619  0.61958  0.77255  0.48576  0.95510
    143   2.02246  4.39187  2.79986  3.20292  3.52420  3.77486  4.05578  2.72141  3.14717  2.10248  2.71331  3.57214  4.15241  3.43440  3.46790  3.03547  2.98993  1.88245  5.01765  3.79703    159 - -
          2.68618  4.42225  2.77519  2.73123  3.46354  2.40513  3.72494  3.29354  2.67741  2.69355  4.24690  2.90347  2.73739  3.18146  2.89801  2.37887  2.77519  2.98518  4.58477  3.61503
          0.01608  4.53384  5.25619  0.61958  0.77255  0.48576  0.95510
    144   3.72136  4.94942  5.57878  5.05030  3.44684  5.13158  5.52307  1.22085  4.89946  0.91013  3.21153  5.25694  5.24468  4.93308  4.94163  4.54080  3.94929  2.27233  5.63678  4.58738    160 - -
          2.68618  4.42225  2.77519  2.73123  3.46354  2.40513  3.72494  3.29354  2.67741  2.69355  4.24690  2.90347  2.73739  3.18146  2.89801  2.37887  2.77519  2.98518  4.58477  3.61503
          0.01608  4.53384  5.25619  0.61958  0.77255  0.48576  0.95510
    145   2.05598  4.56519  3.41431  2.84907  2.87152  3.64068  3.87404  2.51837  2.30519  2.78648  3.66225  3.30042  4.02425  3.13486  2.51552  2.87267  2.53512  2.84865  5.12892  3.87057    161 - -
          2.68618  4.42225  2.77519  2.73123  3.46354  2.40513  3.72494  3.29354  2.67741  2.69355  4.24690  2.90347  2.73739  3.18146  2.89801  2.37887  2.77519  2.98518  4.58477  3.61503
          0.01608  4.53384  5.25619  0.61958  0.77255  0.48576  0.95510
    146   2.29516  5.04811  3.07012  2.56759  4.39924  3.53131  2.93501  3.83754  2.08622  3.39458  4.19062  3.08332  3.96151  2.91946  2.94578  1.55570  3.02022  3.46710  5.58340  4.23663    162 - -
          2.68618  4.42225  2.77519  2.73123  3.46354  2.40513  3.72494  3.29354  2.67741  2.69355  4.24690  2.90347  2.73739  3.18146  2.89801  2.37887  2.77519  2.98518  4.58477  3.61503
          0.01608  4.53384  5.25619  0.61958  0.77255  0.48576  0.95510
    147   2.25999  5.24149  2.92364  2.05739  4.59616  2.66498  3.76920  4.05394  1.51023  3.55947  4.33406  3.02249  3.96359  2.88684  2.93876  2.79959  3.06786  3.64767  5.70803  4.32724    163 - -
          2.68618  4.42225  2.77519  2.73123  3.46354  2.40513  3.72494  3.29354  2.67741  2.69355  4.24690  2.90347  2.73739  3.18146  2.89801  2.37887  2.77519  2.98518  4.58477  3.61503
          0.01608  4.53384  5.25619  0.61958  0.77255  0.48576  0.95510
    148   3.23020  4.62475  4.70136  4.15522  2.94460  4.32495  4.30707  2.72527  3.97441  1.71280  1.90558  4.27730  4.63137  4.14058  4.09503  3.64152  3.45597  2.71267  4.67181  1.41281    164 - -
          2.68618  4.42225  2.77519  2.73123  3.46354  2.40513  3.72494  3.29354  2.67741  2.69355  4.24690  2.90347  2.73739  3.18146  2.89801  2.37887  2.77519  2.98518  4.58477  3.61503
          0.25401  4.53384  1.54374  0.61958  0.77255  0.48576  0.95510
    149   2.81483  5.21445  3.07684  2.50630  4.58819  3.54312  2.80288  4.02401  1.87454  3.48721  4.26594  2.32190  3.92825  2.22595  2.20047  2.78316  3.02659  3.62554  5.58770  4.25952    165 - -
          2.68559  4.42252  2.77500  2.73110  3.46380  2.40482  3.72521  3.29381  2.67767  2.69344  4.24716  2.90373  2.73766  3.18111  2.89827  2.37885  2.77546  2.98545  4.58503  3.61434
          0.53054  0.88743        *  1.12111  0.39440  0.00000        *
